image_width: 640
image_height: 480
camera_name: narrow_stereo
camera_matrix:
  rows: 3
  cols: 3
  data: [786.349752, 0, 335.440953, 0, 789.673122, 225.943929, 0, 0, 1]
distortion_model: plumb_bob
distortion_coefficients:
  rows: 1
  cols: 5
  data: [-0.03912, 0.11799, -0.003823, -0.008151, 0]
rectification_matrix:
  rows: 3
  cols: 3
  data: [1, 0, 0, 0, 1, 0, 0, 0, 1]
projection_matrix:
  rows: 3
  cols: 4
  data: [785.467651, 0, 331.161811, 0, 0, 791.588135, 224.187099, 0, 0, 0, 1, 0]